DZ	1-13	36, 40, 44, 48, 52, 56, 60, 64	N/A	N/A	N/A
AR	1-13	36, 40, 44, 48, 52, 56, 60, 64, 100, 104, 108, 112, 116, 132, 136, 140, 144, 149, 153, 157, 161, 165	36, 40, 44, 48, 52, 56, 60, 64, 100, 104, 108, 112, 132, 136, 140, 144, 149, 153, 157, 161	36, 40, 44, 48, 52, 56, 60, 64, 100, 104, 108, 112, 132, 136, 140, 144, 149, 153, 157, 161	36, 40, 44, 48, 52, 56, 60, 64
AM	1-13	36, 40, 44, 48, 52, 56, 60, 64	N/A	N/A	N/A
BO	1-13	149, 153, 157, 161, 165	149, 153, 157, 161	149, 153, 157, 161	N/A
BR	1-13	36, 40, 44, 48, 52, 56, 60, 64, 100, 104, 108, 112, 116, 120, 124, 128, 132, 136, 140, 149, 153, 157, 161, 165	36, 40, 44, 48, 52, 56, 60, 64, 100, 104, 108, 112, 116, 120, 124, 128, 132, 136, 149, 153, 157, 161	36, 40, 44, 48, 52, 56, 60, 64, 100, 104, 108, 112, 116, 120, 124, 128, 149, 153, 157, 161	36, 40, 44, 48, 52, 56, 60, 64, 100, 104, 108, 112, 116, 120, 124, 128
CL	1-13	36, 40, 44, 48, 52, 56, 60, 64, 149, 153, 157, 161, 165	36, 40, 44, 48, 52, 56, 60, 64, 149, 153, 157, 161	36, 40, 44, 48, 52, 56, 60, 64, 149, 153, 157, 161	36, 40, 44, 48, 52, 56, 60, 64
CO	1-11	36, 40, 44, 48, 52, 56, 60, 64, 149, 153, 157, 161, 165	36, 40, 44, 48, 52, 56, 60, 64, 149, 153, 157, 161	36, 40, 44, 48, 52, 56, 60, 64, 149, 153, 157, 161	36, 40, 44, 48, 52, 56, 60, 64
CR	1-13	N/A	N/A	N/A	N/A
DO	1-11	36, 40, 44, 48, 52, 56, 60, 64, 149, 153, 157, 161, 165	36, 40, 44, 48, 52, 56, 60, 64, 149, 153, 157, 161	36, 40, 44, 48, 52, 56, 60, 64, 149, 153, 157, 161	36, 40, 44, 48, 52, 56, 60, 64
EC	1-13	36, 40, 44, 48, 52, 56, 60, 64, 100, 104, 108, 112, 116, 120, 124, 128, 132, 136, 140, 149, 153, 157, 161, 165	36, 40, 44, 48, 52, 56, 60, 64, 100, 104, 108, 112, 116, 120, 124, 128, 132, 136, 149, 153, 157, 161	36, 40, 44, 48, 52, 56, 60, 64, 100, 104, 108, 112, 116, 120, 124, 128, 149, 153, 157, 161	36, 40, 44, 48, 52, 56, 60, 64, 100, 104, 108, 112, 116, 120, 124, 128
FR	1-13	36, 40, 44, 48, 52, 56, 60, 64, 100, 104, 108, 112, 116, 120, 124, 128, 132, 136, 140	36, 40, 44, 48, 52, 56, 60, 64, 100, 104, 108, 112, 116, 120, 124, 128, 132, 136	36, 40, 44, 48, 52, 56, 60, 64, 100, 104, 108, 112, 116, 120, 124, 128	36, 40, 44, 48, 52, 56, 60, 64, 100, 104, 108, 112, 116, 120, 124, 128
DE	1-13	36, 40, 44, 48, 52, 56, 60, 64, 100, 104, 108, 112, 116, 120, 124, 128, 132, 136, 140	36, 40, 44, 48, 52, 56, 60, 64, 100, 104, 108, 112, 116, 120, 124, 128, 132, 136	36, 40, 44, 48, 52, 56, 60, 64, 100, 104, 108, 112, 116, 120, 124, 128	36, 40, 44, 48, 52, 56, 60, 64, 100, 104, 108, 112, 116, 120, 124, 128
GT	1-11	36, 40, 44, 48, 52, 56, 60, 64, 149, 153, 157, 161, 165	36, 40, 44, 48, 52, 56, 60, 64, 149, 153, 157, 161	36, 40, 44, 48, 52, 56, 60, 64, 149, 153, 157, 161	36, 40, 44, 48, 52, 56, 60, 64
HK	1-13	36, 40, 44, 48, 52, 56, 60, 64, 100, 104, 108, 112, 116, 120, 124, 128, 132, 136, 140, 149, 153, 157, 161, 165	36, 40, 44, 48, 52, 56, 60, 64, 100, 104, 108, 112, 116, 120, 124, 128, 132, 136, 149, 153, 157, 161	36, 40, 44, 48, 52, 56, 60, 64, 100, 104, 108, 112, 116, 120, 124, 128, 149, 153, 157, 161	36, 40, 44, 48, 52, 56, 60, 64, 100, 104, 108, 112, 116, 120, 124, 128
HU	1-13	36, 40, 44, 48, 52, 56, 60, 64, 100, 104, 108, 112, 116, 120, 124, 128, 132, 136, 140	36, 40, 44, 48, 52, 56, 60, 64, 100, 104, 108, 112, 116, 120, 124, 128, 132, 136	36, 40, 44, 48, 52, 56, 60, 64, 100, 104, 108, 112, 116, 120, 124, 128	36, 40, 44, 48, 52, 56, 60, 64, 100, 104, 108, 112, 116, 120, 124, 128
ID	1-13	36, 40, 44, 48, 52, 56, 60, 64, 149, 153, 157, 161	36, 40, 44, 48, 52, 56, 60, 64, 149, 153, 157, 161	36, 40, 44, 48, 52, 56, 60, 64, 149, 153, 157, 161	36, 40, 44, 48, 52, 56, 60, 64
IQ	1-13	36, 40, 44, 48, 52, 56, 60, 64, 149, 153, 157, 161,165	36, 40, 44, 48, 52, 56, 60, 64, 149, 153, 157, 161	36, 40, 44, 48, 52, 56, 60, 64, 149, 153, 157, 161	36, 40, 44, 48, 52, 56, 60, 64
IL	1-13	36, 40, 44, 48, 52, 56, 60, 64	36, 40, 44, 48, 52, 56, 60, 64	36, 40, 44, 48, 52, 56, 60, 64	36, 40, 44, 48, 52, 56, 60, 64
IT	1-13	36, 40, 44, 48, 52, 56, 60, 64, 100, 104, 108, 112, 116, 120, 124, 128, 132, 136, 140	36, 40, 44, 48, 52, 56, 60, 64, 100, 104, 108, 112, 116, 120, 124, 128, 132, 136	36, 40, 44, 48, 52, 56, 60, 64, 100, 104, 108, 112, 116, 120, 124, 128	36, 40, 44, 48, 52, 56, 60, 64, 100, 104, 108, 112, 116, 120, 124, 128
KZ	1-13	36, 40, 44, 48, 52, 56, 60, 64, 100, 104, 108, 112, 116, 120, 124, 128, 132, 136, 140, 144, 149, 153, 157, 161, 165	36, 40, 44, 48, 52, 56, 60, 64, 100, 104, 108, 112, 116, 120, 124, 128, 132, 136, 140, 144, 149, 153, 157, 161	36, 40, 44, 48, 52, 56, 60, 64, 100, 104, 108, 112, 116, 120, 124, 128, 132, 136, 140, 144, 149, 153, 157, 161	36, 40, 44, 48, 52, 56, 60, 64, 100, 104, 108, 112, 116, 120, 124, 128
KE	1-13	36, 40, 44, 48, 52, 56, 60, 64, 100, 104, 108, 112, 116, 120, 124, 128, 132, 136, 140, 144, 149, 153, 157, 161, 165	36, 40, 44, 48, 52, 56, 60, 64, 100, 104, 108, 112, 116, 120, 124, 128, 132, 136, 140, 144, 149, 153, 157, 161	36, 40, 44, 48, 52, 56, 60, 64, 100, 104, 108, 112, 116, 120, 124, 128, 132, 136, 140, 144, 149, 153, 157, 161	36, 40, 44, 48, 52, 56, 60, 64, 100, 104, 108, 112, 116, 120, 124, 128
KR	1-13	36, 40, 44, 48, 52, 56, 60, 64, 100, 104, 108, 112, 116, 120, 124, 128, 132, 136, 140, 144, 149, 153, 157, 161, 165	36, 40, 44, 48, 52, 56, 60, 64, 100, 104, 108, 112, 116, 120, 124, 128, 132, 136, 140, 144, 149, 153, 157, 161	36, 40, 44, 48, 52, 56, 60, 64, 100, 104, 108, 112, 116, 120, 124, 128, 132, 136, 140, 144, 149, 153, 157, 161	36, 40, 44, 48, 52, 56, 60, 64, 100, 104, 108, 112, 116, 120, 124, 128
MY	1-13	36, 40, 44, 48, 52, 56, 60, 64, 100, 104, 108, 112, 116, 120, 124, 128, 149, 153, 157, 161, 165	36, 40, 44, 48, 52, 56, 60, 64, 100, 104, 108, 112, 116, 120, 124, 128, 149, 153, 157, 161	36, 40, 44, 48, 52, 56, 60, 64, 100, 104, 108, 112, 116, 120, 124, 128, 149, 153, 157, 161	36, 40, 44, 48, 52, 56, 60, 64, 100, 104, 108, 112, 116, 120, 124, 128
MX	1-11	36, 40, 44, 48, 52, 56, 60, 64, 100, 104, 108, 112, 116, 132, 136, 140, 144, 149, 153, 157, 161, 165	36, 40, 44, 48, 52, 56, 60, 64, 100, 104, 108, 112, 132, 136, 140, 144, 149, 153, 157, 161	36, 40, 44, 48, 52, 56, 60, 64, 100, 104, 108, 112, 132, 136, 140, 144, 149, 153, 157, 161	36, 40, 44, 48, 52, 56, 60, 64
OM	1-13	36, 40, 44, 48, 52, 56, 60, 64, 100, 104, 108, 112, 116, 120, 124, 128, 132, 136, 140	36, 40, 44, 48, 52, 56, 60, 64, 100, 104, 108, 112, 116, 120, 124, 128, 132, 136	36, 40, 44, 48, 52, 56, 60, 64, 100, 104, 108, 112, 116, 120, 124, 128	36, 40, 44, 48, 52, 56, 60, 64, 100, 104, 108, 112, 116, 120, 124, 128
PA	1-11	36, 40, 44, 48, 52, 56, 60, 64, 149, 153, 157, 161,165	36, 40, 44, 48, 52, 56, 60, 64, 149, 153, 157, 161	36, 40, 44, 48, 52, 56, 60, 64, 149, 153, 157, 161	36, 40, 44, 48, 52, 56, 60, 64
PE	1-13	149, 153, 157, 161, 165	N/A	N/A	N/A
PH	1-13	36, 40, 44, 48, 52, 56, 60, 64, 100, 104, 108, 112, 116, 120, 124, 128, 132, 136, 140, 149, 153, 157, 161, 165	36, 40, 44, 48, 52, 56, 60, 64, 100, 104, 108, 112, 116, 120, 124, 128, 132, 136, 149, 153, 157, 161	36, 40, 44, 48, 52, 56, 60, 64, 100, 104, 108, 112, 116, 120, 124, 128, 149, 153, 157, 161	36, 40, 44, 48, 52, 56, 60, 64, 100, 104, 108, 112, 116, 120, 124, 128
PL	1-13	36, 40, 44, 48, 52, 56, 60, 64, 100, 104, 108, 112, 116, 120, 124, 128, 132, 136, 140	36, 40, 44, 48, 52, 56, 60, 64, 100, 104, 108, 112, 116, 120, 124, 128, 132, 136	36, 40, 44, 48, 52, 56, 60, 64, 100, 104, 108, 112, 116, 120, 124, 128	36, 40, 44, 48, 52, 56, 60, 64, 100, 104, 108, 112, 116, 120, 124, 128
RO	1-13	36, 40, 44, 48, 52, 56, 60, 64, 100, 104, 108, 112, 116, 120, 124, 128, 132, 136, 140	36, 40, 44, 48, 52, 56, 60, 64, 100, 104, 108, 112, 116, 120, 124, 128, 132, 136	36, 40, 44, 48, 52, 56, 60, 64, 100, 104, 108, 112, 116, 120, 124, 128	36, 40, 44, 48, 52, 56, 60, 64, 100, 104, 108, 112, 116, 120, 124, 128
SA	1-13	36, 40, 44, 48, 52, 56, 60, 64, 100, 104, 108, 112, 116, 120, 124, 128, 132, 136, 140, 144, 149, 153, 157, 161, 165	36, 40, 44, 48, 52, 56, 60, 64, 100, 104, 108, 112, 116, 120, 124, 128, 132, 136, 140, 144, 149, 153, 157, 161	36, 40, 44, 48, 52, 56, 60, 64, 100, 104, 108, 112, 116, 120, 124, 128, 132, 136, 140, 144, 149, 153, 157, 161	36, 40, 44, 48, 52, 56, 60, 64, 100, 104, 108, 112, 116, 120, 124, 128
ZA	1-13	36, 40, 44, 48, 52, 56, 60, 64, 100, 104, 108, 112, 116, 120, 124, 128, 132, 136, 140, 149, 153, 157, 161, 165	36, 40, 44, 48, 52, 56, 60, 64, 100, 104, 108, 112, 116, 120, 124, 128, 132, 136, 149, 153, 157, 161	36, 40, 44, 48, 52, 56, 60, 64, 100, 104, 108, 112, 116, 120, 124, 128, 149, 153, 157, 161	36, 40, 44, 48, 52, 56, 60, 64, 100, 104, 108, 112, 116, 120, 124, 128
ES	1-13	36, 40, 44, 48, 52, 56, 60, 64, 100, 104, 108, 112, 116, 120, 124, 128, 132, 136, 140	36, 40, 44, 48, 52, 56, 60, 64, 100, 104, 108, 112, 116, 120, 124, 128, 132, 136	36, 40, 44, 48, 52, 56, 60, 64, 100, 104, 108, 112, 116, 120, 124, 128	36, 40, 44, 48, 52, 56, 60, 64, 100, 104, 108, 112, 116, 120, 124, 128
TH	1-13	36, 40, 44, 48, 52, 56, 60, 64, 100, 104, 108, 112, 116, 120, 124, 128, 132, 136, 140, 144, 149, 153, 157, 161, 165	36, 40, 44, 48, 52, 56, 60, 64, 100, 104, 108, 112, 116, 120, 124, 128, 132, 136, 140, 144, 149, 153, 157, 161	36, 40, 44, 48, 52, 56, 60, 64, 100, 104, 108, 112, 116, 120, 124, 128, 132, 136, 140, 144, 149, 153, 157, 161	36, 40, 44, 48, 52, 56, 60, 64, 100, 104, 108, 112, 116, 120, 124, 128
TT	1-13	36, 40, 44, 48, 52, 56, 60, 64, 100, 104, 108, 112, 116, 120, 124, 128, 132, 136, 140, 149, 153, 157, 161, 165	36, 40, 44, 48, 52, 56, 60, 64, 100, 104, 108, 112, 116, 120, 124, 128, 132, 136, 149, 153, 157, 161	36, 40, 44, 48, 52, 56, 60, 64, 100, 104, 108, 112, 116, 120, 124, 128, 149, 153, 157, 161	36, 40, 44, 48, 52, 56, 60, 64, 100, 104, 108, 112, 116, 120, 124, 128
TR	1-13	36, 40, 44, 48, 52, 56, 60, 64, 100, 104, 108, 112, 116, 120, 124, 128, 132, 136, 140	36, 40, 44, 48, 52, 56, 60, 64, 100, 104, 108, 112, 116, 120, 124, 128, 132, 136	36, 40, 44, 48, 52, 56, 60, 64, 100, 104, 108, 112, 116, 120, 124, 128	36, 40, 44, 48, 52, 56, 60, 64, 100, 104, 108, 112, 116, 120, 124, 128
UA	1-13	36, 40, 44, 48, 52, 56, 60, 64, 100, 104, 108, 112, 116, 120, 124, 128, 132, 136, 140, 149, 153, 157, 161, 165	36, 40, 44, 48, 52, 56, 60, 64, 100, 104, 108, 112, 116, 120, 124, 128, 132, 136, 149, 153, 157, 161	36, 40, 44, 48, 52, 56, 60, 64, 100, 104, 108, 112, 116, 120, 124, 128, 149, 153, 157, 161	36, 40, 44, 48, 52, 56, 60, 64, 100, 104, 108, 112, 116, 120, 124, 128
AE	1-13	36, 40, 44, 48, 52, 56, 60, 64, 100, 104, 108, 112, 116, 120, 124, 128, 132, 136, 140	36, 40, 44, 48, 52, 56, 60, 64, 100, 104, 108, 112, 116, 120, 124, 128, 132, 136	36, 40, 44, 48, 52, 56, 60, 64, 100, 104, 108, 112, 116, 120, 124, 128	36, 40, 44, 48, 52, 56, 60, 64, 100, 104, 108, 112, 116, 120, 124, 128
GB	1-13	36, 40, 44, 48, 52, 56, 60, 64, 100, 104, 108, 112, 116, 120, 124, 128, 132, 136, 140, 144, 149, 153, 157, 161, 165	36, 40, 44, 48, 52, 56, 60, 64, 100, 104, 108, 112, 116, 120, 124, 128, 132, 136, 140, 144, 149, 153, 157, 161	36, 40, 44, 48, 52, 56, 60, 64, 100, 104, 108, 112, 116, 120, 124, 128, 132, 136, 140, 144, 149, 153, 157, 161	36, 40, 44, 48, 52, 56, 60, 64, 100, 104, 108, 112, 116, 120, 124, 128
US	1-11	36, 40, 44, 48, 52, 56, 60, 64, 100, 104, 108, 112, 116, 120, 124, 128, 132, 136, 140, 149, 153, 157, 161, 165	36, 40, 44, 48, 52, 56, 60, 64, 100, 104, 108, 112, 116, 120, 124, 128, 132, 136, 149, 153, 157, 161	36, 40, 44, 48, 52, 56, 60, 64, 100, 104, 108, 112, 116, 120, 124, 128, 149, 153, 157, 161	36, 40, 44, 48, 52, 56, 60, 64, 100, 104, 108, 112, 116, 120, 124, 128
VE	1-13	149, 153, 157, 161, 165	149, 153, 157, 161	149, 153, 157, 161	N/A
VN	1-13	36, 40, 44, 48, 52, 56, 60, 64, 100, 104, 108, 112, 116, 120, 124, 128, 132, 136, 140, 149, 153, 157, 161, 165	36, 40, 44, 48, 52, 56, 60, 64, 100, 104, 108, 112, 116, 120, 124, 128, 132, 136, 149, 153, 157, 161	36, 40, 44, 48, 52, 56, 60, 64, 100,  104, 108, 112, 116, 120, 124, 128, 149, 153, 157, 161	36, 40, 44, 48, 52, 56, 60, 64, 100, 104, 108, 112, 116, 120, 124, 128
YE	1-13	N/A	N/A	N/A	N/A
EU	1-13	36, 40, 44, 48	36, 40, 44, 48	36, 40, 44, 48	36, 40, 44, 48
BD	1-13	149, 153, 157, 161, 165	149, 153, 157, 161	149, 153, 157, 161	N/A
RU	1-13	36, 40, 44, 48, 52, 56, 60, 64, 132, 136, 140, 144, 149, 153, 157, 161, 165	36, 40, 44, 48, 52, 56, 60, 64, 132, 136, 140, 144, 149, 153, 157, 161	36, 40, 44, 48, 52, 56, 60, 64, 132, 136, 140, 144, 149, 153, 157, 161	36, 40, 44, 48, 52, 56, 60, 64
GE	1-13	36, 40, 44, 48, 52, 56, 60, 64	36, 40, 44, 48, 52, 56, 60, 64	36, 40, 44, 48, 52, 56, 60, 64	36, 40, 44, 48, 52, 56, 60, 64
CN	1-13	36, 40, 44, 48, 52, 56, 60, 64, 149, 153, 157, 161, 165	36, 40, 44, 48, 52, 56, 60, 64, 149, 153, 157, 161	36, 40, 44, 48, 52, 56, 60, 64, 149, 153, 157, 161	36, 40, 44, 48, 52, 56, 60, 64
CA	1-11	36, 40, 44, 48, 52, 56, 60, 64, 100, 104, 108, 112, 116, 132, 136, 140, 149, 153, 157, 161, 165	36, 40, 44, 48, 52, 56, 60, 64, 100, 104, 108, 112, 132, 136, 149, 153, 157, 161	36, 40, 44, 48, 52, 56, 60, 64, 100, 104, 108, 112, 149, 153, 157, 161	36, 40, 44, 48, 52, 56, 60, 64, 100, 104, 108, 112, 149, 153, 157, 161
CZ	1-13	36, 40, 44, 48, 52, 56, 60, 64, 100, 104, 108, 112, 116, 120, 124, 128, 132, 136, 140, 149, 153, 157, 161, 165	36, 40, 44, 48, 52, 56, 60, 64, 100, 104, 108, 112, 116, 120, 124, 128, 132, 136, 149, 153, 157, 161	36, 40, 44, 48, 52, 56, 60, 64, 100,  104, 108, 112, 116, 120, 124, 128, 149, 153, 157, 161	36, 40, 44, 48, 52, 56, 60, 64, 100, 104, 108, 112, 116, 120, 124, 128
EG	1-13	36, 40, 44, 48, 52, 56, 60, 64	36, 40, 44, 48, 52, 56, 60, 64	36, 40, 44, 48, 52, 56, 60, 64	36, 40, 44, 48, 52, 56, 60, 64
IN	1-13	36, 40, 44, 48, 52, 56, 60, 64, 120, 124, 128, 132, 136, 140, 144, 149, 153, 157, 161, 165	36, 40, 44, 48, 52, 56, 60, 64, 124, 128, 132, 136, 140, 144, 149, 153, 157, 161	36, 40, 44, 48, 52, 56, 60, 64, 132, 136, 140, 144, 149, 153, 157, 161	36, 40, 44, 48, 52, 56, 60, 64
IR	1-13	36, 40, 44, 48, 52, 56, 60, 64	36, 40, 44, 48, 52, 56, 60, 64	36, 40, 44, 48, 52, 56, 60, 64	36, 40, 44, 48, 52, 56, 60, 64
AU	1-13	36, 40, 44, 48, 52, 56, 60, 64, 100, 104, 108, 112, 116, 132, 136, 140, 149, 153, 157, 161, 165	36, 40, 44, 48, 52, 56, 60, 64, 100, 104, 108, 112, 132, 136, 149, 153, 157, 161	36, 40, 44, 48, 52, 56, 60, 64, 100, 104, 108, 112, 149, 153, 157, 161	36, 40, 44, 48, 52, 56, 60, 64
TW	1-11	36, 40, 44, 48, 52, 56, 60, 64, 100, 104, 108, 112, 116, 120, 124, 128, 132, 136, 140, 144, 149, 153, 157, 161, 165	36, 40, 44, 48, 52, 56, 60, 64, 100, 104, 108, 112, 116, 120, 124, 128, 132, 136, 140, 144, 149, 153, 157, 161	36, 40, 44, 48, 52, 56, 60, 64, 100, 104, 108, 112, 116, 120, 124, 128, 132, 136, 140, 144, 149, 153, 157, 161	36, 40, 44, 48, 52, 56, 60, 64, 100, 104, 108, 112, 116, 120, 124, 128
PK 	1-13	149, 153, 157, 161	149, 153, 157, 161	149, 153, 157, 161	N/A
